"Project","Unit","SDG 1","SDG 2","SDG 3","SDG 4","SDG 5","SDG 6","SDG 7","SDG 8","SDG 9","SDG 10","SDG 11","SDG 12","SDG 13","SDG 14","SDG 15","SDG 16","SDG 17","Main_SDG"
"166991","%",12.5,0,12.5,0,6.2,0,0,0,0,12.5,12.5,6.2,6.2,0,6.2,6.2,18.8,"SDG 17"
"167795","%",3.7,3.7,0,0,3.7,3.7,0,0,11.1,0,25.9,3.7,11.1,3.7,0,3.7,25.9,"SDG 11"
"167894","%",3.7,7.4,3.7,0,0,3.7,0,0,14.8,11.1,7.4,3.7,3.7,0,3.7,18.5,18.5,"SDG 16"
"168634","%",2.2,0,8.7,0,0,2.2,0,4.3,2.2,2.2,6.5,6.5,28.3,0,2.2,13,21.7,"SDG 13"
"168943","%",0,3.8,3.8,3.8,0,23.1,7.7,0,0,0,30.8,7.7,11.5,0,0,0,7.7,"SDG 11"
"169330","%",2.6,2.6,0,2.6,0,0,2.6,0,0,0,5.3,2.6,13.2,7.9,5.3,18.4,36.8,"SDG 17"
"169548","%",5.3,5.3,5.3,0,0,0,5.3,0,5.3,5.3,21.1,0,10.5,0,0,5.3,31.6,"SDG 17"
"169983","%",7.7,3.8,0,0,3.8,0,0,0,11.5,0,3.8,3.8,11.5,0,0,11.5,42.3,"SDG 17"
"170131","%",2.4,2.4,0,7.3,0,0,2.4,0,0,0,9.8,14.6,19.5,4.9,2.4,17.1,17.1,"SDG 13"
"170178","%",0,0,5.6,16.7,5.6,0,0,0,5.6,0,0,0,33.3,5.6,0,11.1,16.7,"SDG 13"
"170230","%",4.3,4.3,0,0,0,0,8.7,0,0,8.7,8.7,13,13,0,4.3,13,21.7,"SDG 17"
"170236","%",3.1,6.2,0,0,3.1,0,25,0,6.2,0,3.1,3.1,6.2,3.1,0,15.6,25,"SDG 17"
"170590","%",0,10,0,0,0,5,0,0,5,10,10,0,20,0,0,20,20,"SDG 13"
"170891","%",5.1,0,0,2.6,2.6,20.5,5.1,0,2.6,2.6,12.8,2.6,25.6,2.6,2.6,7.7,5.1,"SDG 13"
"171150","%",12.9,3.2,29,9.7,0,0,0,6.5,0,3.2,0,0,12.9,0,0,12.9,9.7,"SDG 3"
"171266","%",7.1,52.4,2.4,0,0,2.4,0,0,4.8,4.8,2.4,9.5,2.4,0,0,4.8,7.1,"SDG 2"
"171311","%",0,2.3,2.3,0,2.3,0,2.3,2.3,2.3,0,9.1,6.8,4.5,13.6,0,4.5,47.7,"SDG 17"
"171644","%",5.7,2.9,0,0,0,8.6,0,0,0,5.7,14.3,14.3,14.3,11.4,0,14.3,8.6,"SDG 11"
"172187","%",3.8,7.7,0,0,0,11.5,0,0,3.8,7.7,26.9,0,23.1,0,3.8,0,11.5,"SDG 11"
"172256","%",0,5.9,5.9,0,0,0,5.9,0,0,0,11.8,17.6,5.9,0,11.8,17.6,17.6,"SDG 16"
"172592","%",0,40,0,0,5,0,0,0,0,5,0,5,15,0,10,10,10,"SDG 2"
"172707","%",3.2,3.2,29,3.2,6.5,0,0,0,3.2,3.2,16.1,0,3.2,0,0,12.9,16.1,"SDG 3"
"172806","%",0,0,2.1,0,2.1,14.6,0,0,0,4.2,29.2,0,8.3,10.4,20.8,2.1,6.2,"SDG 11"
"172926","%",0,2.4,0,0,0,0,0,4.9,0,7.3,4.9,4.9,9.8,22,2.4,4.9,36.6,"SDG 17"
"173151","%",3.3,0,6.7,20,3.3,0,0,0,3.3,0,3.3,3.3,3.3,0,0,16.7,36.7,"SDG 17"
"173487","%",0,16.1,0,0,0,0,3.2,0,12.9,0,16.1,3.2,6.5,0,3.2,6.5,32.3,"SDG 17"
"173589","%",0,0,33.3,0,33.3,0,0,0,0,0,0,33.3,0,0,0,0,0,"SDG 12"
"173782","%",0,6.2,12.5,0,0,0,0,0,12.5,0,0,0,43.8,0,0,0,25,"SDG 13"
"174067","%",4.8,0,0,4.8,0,0,0,0,14.3,0,0,0,19,0,9.5,28.6,19,"SDG 16"
"174191","%",4.3,8.7,0,0,0,0,0,0,0,0,26.1,8.7,39.1,0,0,0,13,"SDG 13"
"174246","%",11.5,11.5,3.8,0,0,3.8,0,0,3.8,0,3.8,3.8,7.7,0,0,15.4,34.6,"SDG 17"
"174251","%",3.7,0,7.4,3.7,0,0,0,0,11.1,11.1,7.4,0,29.6,0,3.7,7.4,14.8,"SDG 13"
"174259","%",8,4,44,0,0,0,0,4,4,0,8,8,8,0,0,0,12,"SDG 3"
"174367","%",0,4.3,0,0,0,0,4.3,4.3,0,4.3,8.7,4.3,17.4,0,4.3,17.4,30.4,"SDG 17"
"174564","%",23.5,0,0,0,23.5,5.9,0,5.9,0,0,11.8,0,5.9,0,0,11.8,11.8,"SDG 1"
"174732","%",5.4,0,2.7,0,2.7,21.6,0,5.4,2.7,13.5,21.6,2.7,5.4,0,0,10.8,5.4,"SDG 11"
"174798","%",0,0,0,0,7.7,0,0,0,0,7.7,15.4,7.7,15.4,15.4,0,23.1,7.7,"SDG 16"
"174806","%",0,4.8,16.7,4.8,7.1,0,0,0,4.8,0,2.4,7.1,14.3,0,2.4,2.4,33.3,"SDG 17"
"174812","%",0,4.3,4.3,4.3,0,0,0,0,8.7,17.4,13,0,4.3,8.7,0,8.7,26.1,"SDG 17"
"175011","%",2.4,14.6,0,2.4,0,0,0,0,2.4,4.9,4.9,9.8,22,7.3,14.6,7.3,7.3,"SDG 13"
"175221","%",8.6,5.7,0,0,5.7,5.7,2.9,0,0,2.9,17.1,0,5.7,5.7,0,22.9,17.1,"SDG 16"
"175317","%",11.1,0,16.7,0,0,0,0,0,5.6,5.6,11.1,0,0,0,0,11.1,38.9,"SDG 17"
"175455","%",4.8,0,9.5,0,0,2.4,2.4,2.4,4.8,7.1,2.4,2.4,2.4,0,0,26.2,33.3,"SDG 17"
"175493","%",3.1,40.6,6.2,3.1,6.2,0,0,0,0,0,6.2,12.5,9.4,0,3.1,6.2,3.1,"SDG 2"
"175543","%",2.6,0,2.6,0,0,0,0,0,0,2.6,5.1,5.1,15.4,2.6,5.1,10.3,48.7,"SDG 17"
"175592","%",3.4,0,0,6.9,0,0,0,3.4,6.9,3.4,6.9,0,13.8,3.4,10.3,10.3,31,"SDG 17"
"175640","%",10.5,0,0,0,0,0,10.5,0,0,10.5,10.5,21.1,10.5,0,0,15.8,10.5,"SDG 12"
"175669","%",3.7,7.4,3.7,0,3.7,0,0,3.7,11.1,7.4,3.7,0,7.4,22.2,14.8,7.4,3.7,"SDG 14"
"175676","%",0,0,14.3,0,0,0,0,0,7.1,0,28.6,14.3,7.1,7.1,0,21.4,0,"SDG 11"
"175742","%",4.2,16.7,8.3,4.2,8.3,0,0,0,0,8.3,4.2,16.7,8.3,4.2,0,0,16.7,"SDG 12"
"175747","%",0,14.3,0,0,0,57.1,0,0,0,0,28.6,0,0,0,0,0,0,"SDG 6"
"175801","%",9.1,3,0,3,0,3,0,0,3,12.1,3,3,0,6.1,6.1,3,45.5,"SDG 17"
"175874","%",3.8,0,0,0,0,0,26.9,0,11.5,0,11.5,7.7,3.8,0,0,3.8,30.8,"SDG 17"
"175930","%",12.1,9.1,3,0,0,0,6.1,0,3,0,18.2,0,21.2,3,3,12.1,9.1,"SDG 13"
"175987","%",0,0,6.2,0,0,3.1,0,0,0,15.6,15.6,3.1,3.1,0,3.1,25,25,"SDG 16"
"176006","%",10.5,0,0,15.8,0,0,0,0,0,5.3,21.1,5.3,21.1,0,5.3,10.5,5.3,"SDG 11"
"176017","%",0,11.8,0,0,5.9,0,0,11.8,0,0,5.9,0,11.8,0,5.9,5.9,41.2,"SDG 17"
"176105","%",0,7.1,0,32.1,0,7.1,0,0,10.7,0,10.7,3.6,7.1,3.6,0,3.6,14.3,"SDG 4"
"176164","%",4.8,4.8,4.8,4.8,4.8,0,0,4.8,9.5,0,19,0,19,0,0,9.5,14.3,"SDG 11"
"176232","%",0,22.2,0,0,2.8,8.3,0,0,2.8,5.6,5.6,0,27.8,0,2.8,8.3,13.9,"SDG 13"
"176608","%",3.8,0,0,0,0,0,3.8,0,15.4,11.5,19.2,0,15.4,3.8,0,19.2,7.7,"SDG 11"
"P176297","%",0,11.1,5.6,0,5.6,0,0,0,16.7,0,0,5.6,16.7,5.6,0,0,33.3,"SDG 17"
"P176353","%",13,17.4,4.3,4.3,4.3,0,0,0,0,8.7,4.3,4.3,4.3,0,0,0,34.8,"SDG 17"
"P176404","%",6.2,0,6.2,12.5,0,0,0,0,0,12.5,12.5,0,25,0,0,12.5,12.5,"SDG 13"
"P176420","%",0,3.7,0,0,0,0,0,0,3.7,7.4,7.4,3.7,14.8,22.2,3.7,7.4,25.9,"SDG 17"
"P176505","%",6.1,0,9.1,6.1,3,6.1,0,0,3,6.1,21.2,0,6.1,3,0,0,30.3,"SDG 17"
"P176581","%",7.7,7.7,0,0,0,0,0,7.7,7.7,0,23.1,15.4,15.4,7.7,0,0,7.7,"SDG 11"
"P176630","%",0,0,47.4,0,0,0,0,0,10.5,0,10.5,5.3,5.3,0,0,10.5,10.5,"SDG 3"
"P176650","%",7.1,0,3.6,0,0,0,0,0,7.1,0,10.7,0,28.6,0,14.3,7.1,21.4,"SDG 13"
"P176770","%",9.1,0,0,0,4.5,0,45.5,0,4.5,9.1,9.1,4.5,4.5,0,0,4.5,4.5,"SDG 7"
"P176781","%",7.4,0,18.5,3.7,7.4,0,0,7.4,0,3.7,14.8,3.7,0,0,0,7.4,25.9,"SDG 17"
"P176788","%",32,4,0,0,0,0,8,0,0,8,12,4,4,0,8,0,20,"SDG 1"
"P176803","%",5.6,0,0,5.6,0,0,11.1,0,5.6,0,5.6,0,16.7,11.1,0,22.2,16.7,"SDG 16"
"P176891","%",8.7,8.7,0,0,4.3,4.3,0,0,0,4.3,8.7,0,0,0,0,8.7,52.2,"SDG 17"
"P176903","%",10.3,10.3,6.9,0,0,3.4,0,0,0,0,10.3,3.4,6.9,0,0,6.9,41.4,"SDG 17"
"P176905","%",0,22.2,0,3.7,7.4,0,0,3.7,0,3.7,0,11.1,22.2,0,3.7,0,22.2,"SDG 13"
"P176937","%",22,4.9,9.8,0,0,0,0,0,2.4,0,7.3,9.8,19.5,0,0,2.4,22,"SDG 1"
"P176983","%",6.7,6.7,2.2,0,4.4,0,15.6,0,0,0,8.9,4.4,22.2,2.2,2.2,4.4,20,"SDG 13"
"P177004","%",5.3,0,0,0,0,10.5,5.3,0,15.8,5.3,0,0,15.8,0,0,21.1,21.1,"SDG 16"
"P177038","%",0,0,48.1,0,0,0,0,0,0,0,7.4,14.8,0,11.1,3.7,11.1,3.7,"SDG 3"
"P177125","%",5,5,0,0,0,0,0,0,0,0,20,0,35,0,0,0,35,"SDG 13"
"P177305","%",0,60,0,0,10,0,0,0,0,0,10,0,20,0,0,0,0,"SDG 2"
"P177590","%",2.3,30.2,0,2.3,0,0,0,0,2.3,2.3,9.3,20.9,9.3,2.3,2.3,7,9.3,"SDG 2"
"P177632","%",9.7,12.9,0,0,3.2,0,0,0,6.5,6.5,6.5,6.5,12.9,12.9,0,3.2,19.4,"SDG 17"
"P177668","%",0,0,16.7,0,0,0,0,0,5.6,0,0,0,16.7,16.7,5.6,22.2,16.7,"SDG 16"
"P177726","%",4.3,13,4.3,0,0,0,4.3,0,8.7,0,13,8.7,4.3,8.7,4.3,8.7,17.4,"SDG 17"
"P177765","%",5.7,2.9,0,0,0,5.7,2.9,2.9,8.6,0,11.4,0,11.4,2.9,2.9,0,42.9,"SDG 17"
"P177856","%",0,0,8.3,8.3,0,0,0,0,16.7,0,8.3,0,8.3,0,0,16.7,33.3,"SDG 17"
"P177895","%",4.2,4.2,4.2,0,0,0,0,0,0,0,12.5,8.3,16.7,0,0,29.2,20.8,"SDG 16"
"P177931","%",0,22.7,0,0,0,0,0,0,4.5,9.1,4.5,4.5,4.5,13.6,4.5,13.6,18.2,"SDG 2"
"P177959","%",0,0,5.3,0,5.3,0,0,10.5,5.3,0,0,15.8,5.3,0,0,42.1,10.5,"SDG 16"
"P177985","%",0,0,0,0,0,0,0,0,25,0,6.2,0,18.8,0,0,12.5,37.5,"SDG 17"
"P177987","%",5.9,0,35.3,0,0,0,0,0,5.9,0,0,5.9,11.8,5.9,0,17.6,11.8,"SDG 3"
"P178009","%",0,5,0,0,0,5,0,0,0,0,0,0,40,25,15,5,5,"SDG 13"
"P178043","%",5,5,5,0,0,0,0,5,5,0,10,5,10,0,0,10,40,"SDG 17"
"P178067t","%",0,5.3,21.1,5.3,0,0,0,0,5.3,0,26.3,0,10.5,0,0,15.8,10.5,"SDG 11"
"P178146","%",0,0,18.8,6.2,0,0,0,0,0,0,31.2,6.2,6.2,0,6.2,18.8,6.2,"SDG 11"
"P178181","%",0,6.7,60,0,0,0,0,0,13.3,0,0,0,13.3,0,0,0,6.7,"SDG 3"
"P178215","%",0,0,4.2,0,4.2,0,0,0,12.5,0,8.3,8.3,41.7,0,4.2,4.2,12.5,"SDG 13"
"P178224","%",22.6,0,0,0,3.2,0,0,0,0,3.2,6.5,0,9.7,3.2,6.5,12.9,32.3,"SDG 17"
"P178285","%",5.6,11.1,0,0,0,0,5.6,5.6,0,5.6,5.6,0,16.7,11.1,5.6,16.7,11.1,"SDG 13"
"P178320","%",0,0,33.3,0,0,0,0,0,13.3,0,13.3,0,0,0,6.7,13.3,20,"SDG 3"
"P178329","%",0,5,0,0,0,0,0,0,5,0,15,0,15,0,5,10,45,"SDG 17"
"P178563","%",0,0,0,12.5,12.5,0,0,0,12.5,0,0,0,0,25,0,0,37.5,"SDG 17"
"P178564","%",0,5.9,0,0,0,0,5.9,11.8,0,0,5.9,0,5.9,5.9,11.8,17.6,29.4,"SDG 17"
"P178587","%",0,0,21.4,0,0,0,0,0,7.1,7.1,14.3,0,14.3,0,0,7.1,28.6,"SDG 17"
"P178729","%",3.8,0,3.8,3.8,0,0,0,0,0,3.8,19.2,3.8,3.8,7.7,0,3.8,46.2,"SDG 17"
"P178866","%",6.2,0,0,0,0,6.2,0,6.2,6.2,12.5,6.2,25,12.5,0,0,6.2,12.5,"SDG 12"
"P178912","%",0,9.5,0,0,0,4.8,0,0,0,9.5,14.3,0,9.5,4.8,4.8,14.3,28.6,"SDG 17"
"P178926","%",10.5,10.5,0,0,5.3,0,0,0,0,0,10.5,21.1,10.5,0,0,15.8,15.8,"SDG 12"
"P178946","%",0,0,0,8.3,0,8.3,0,0,0,0,8.3,8.3,8.3,0,8.3,16.7,33.3,"SDG 17"
"P179010","%",9.5,23.8,0,0,0,0,0,0,4.8,0,0,23.8,9.5,4.8,0,0,23.8,"SDG 12"
